Part 1:
A = 
    1.000     2.000     4.000 
    5.000     6.000     3.000 
    8.000     7.000    10.000 
    3.000     6.000     1.000 
    4.000     5.000     2.000 
R not init = 
    0.000     0.000     0.000 
    0.000     0.000     0.000 
    0.000     0.000     0.000 
Q = 
    0.093     0.262     0.853 
    0.466     0.151    -0.326 
    0.746    -0.511     0.252 
    0.280     0.785     0.015 
    0.373     0.179    -0.320 
R = 
   10.724    11.750    10.258 
    0.000     3.457    -2.465 
    0.000     0.000     4.325 
Q^TQ
    1.000     0.000     0.000 
    0.000     1.000     0.000 
    0.000     0.000     1.000 
QR
    1.000     2.000     4.000 
    5.000     6.000     3.000 
    8.000     7.000    10.000 
    3.000     6.000     1.000 
    4.000     5.000     2.000 

Part 2:
A = 
    1.000     2.000 
    3.000     4.000 
b = [5.000 6.000 ]
x=[-4.000 4.500 ]
Ax=[5.000 6.000 ]
