sqrt(2)=1.4142135623731
exp(i)=(0.54030230586814,0.841470984807897)
exp(i*pi)=(-1,1.22460635382238E-16)
i^i=(0.207879576350762,0)
sin(i)=(0,11.5487393572577)
